0
0.222222222
0.444444444
0.666666667
0.888888889
0.055555556
0.277777778
0.5
0.722222222
0.944444444
0.111111111
0.333333333
0.555555556
0.777777778
0.166666667
0.388888889
0.611111111
0.833333333
0
0.222222222
0.444444444
0.666666667
0.888888889
0.055555556
0.277777778
0.5
0.722222222
0.944444444
0.111111111
0.333333333
0.555555556
0.777777778
0.166666667
0.388888889
0.611111111
0.833333333
0
0.222222222
0.444444444
0.666666667
0.888888889
0.055555556
0.277777778
0.5
0.722222222
0.944444444
0.111111111
0.333333333
0.555555556
0.777777778
0.166666667
0.388888889
0.611111111
0.833333333